Learning const:
5e-05
Weights:
1.87142
1.90638
1.92739
1.84678
1.82042
0.193029
0.296699
0.229036
0.252334
0.206178
0.631173
0.283538
-0.583077
-0.141748
0.188839
-0.00583515
-0.0407523
-0.0181659
0.0294487
-0.0560462
-0.140792
0.0125351
-0.0436045
-0.11444
0.0330462
-0.225973
-0.240248
-0.0589653
0.045185
0.0163452
0.188405
0.0697542
-0.0319348
-0.0192401
-0.0221765
-0.128722
-0.0793148
0.00602726
0.0313587
-0.131834
-0.225588
-0.0852076
0.698758
0.73031
0.715122
0.698347
0.726902
-0.328292
-0.36767
-0.327157
-0.357785
-0.313449
-0.72934
-2.97455
0.047529
-0.0725919
